1895 82.0 0.0
1896 81.3 -0.7
1897 79.4 -2.6
1898 82.2 0.2
1899 82.0 0.0
1900 83.8 1.8
1901 82.7 0.7
1902 80.2 -1.8
1903 76.9 -5.1
1904 79.4 -2.6
1905 80.3 -1.7
1906 81.0 -1.0
1907 78.9 -3.1
1908 82.1 0.1 
1909 80.8 -1.2
1910 80.4 -1.6 
1911 81.9 -0.1 
1912 80.7 -1.3 
1913 82.6 0.6 
1914 80.8 -1.2 
1915 79.3 -2.7 
1916 79.7 -2.3 
1917 81.4 -0.6 
1918 81.3 -0.7 
1919 80.5 -1.5
1920 80.2 -1.8
1921 82.3 0.3
1922 80.6 -1.4
1923 82.2 0.2
1924 80.4 -1.6
1925 83.3 1.3
1926 79.7 -2.3
1927 78.1 -3.9
1928 80.8 -1.2
1929 81.9 -0.1
1930 83.2 1.2
1931 82.7 0.7
1932 83.2 1.2
1933 82.3 0.3
1934 82.9 0.9
1935 82.2 0.2
1936 82.9 0.9
1937 83.0 1.0
1938 82.4 0.4
1939 82.9 0.9
1940 80.6 -1.4
1941 81.7 -0.3
1942 81.2 -0.8
1943 84.4 2.4
1944 84.7 2.7
1945 81.0 -1.0
1946 80.1 -1.9
1947 81.5 -0.5
1948 81.9 -0.1
1949 85.2 3.2
1950 81.1 -0.9
1951 81.7 -0.3
1952 84.0 2.0
1953 83.8 1.8
1954 83.0 1.0
1955 84.4 2.4
1956 81.2 -0.8
1957 84.0 2.0
1958 80.7 -1.3
1959 82.9 0.9
1960 81.6 -0.4
1961 82.1 0.1
1962 81.1 -0.9
1963 82.3 0.3
1964 82.0 0.0
1965 82.0 0.0
1966 85.0 3.0
1967 81.6 -0.4
1968 82.9 0.9
1969 82.1 0.1
1970 82.5 0.5
1971 82.5 0.5
1972 80.5 -1.5
1973 83.5 1.5
1974 81.5 -0.5
1975 81.9 -0.1
1976 82.2 0.2
1977 82.4 0.4
1978 81.5 -0.5
1979 80.4 -1.6
1980 84.1 2.1
1981 82.5 0.5
1982 80.3 -1.7
1983 85.0 3.0
1984 82.6 0.6
1985 81.0 -1.0
1986 82.0 0.0
1987 83.3 1.3
1988 85.0 3.0
1989 81.3 -0.7
1990 82.0 0.0
1991 84.4 2.4
1992 79.9 -2.1
1993 84.2 2.2
1994 83.5 1.5
1995 84.1 2.1
1996 81.2 -0.8
1997 82.5 0.5
1998 82.8 0.8
1999 85.6 3.6
2000 80.3 -1.7
2001 83.3 1.3
2002 85.2 3.2
2003 81.9 -0.1
2004 81.1 -0.9
2005 84.9 2.9
2006 83.6 1.6
2007 83.1 1.1
2008 84.7 2.7
2009 81.0 -1.0
2010 86.5 4.5
2011 85.0 3.0
2012 84.7 2.7
2013 82.9 0.9
2014 82.5 0.5
2015 83.5 1.5
2016 85.7 3.7
2017 82.6 0.6
2018 84.4 2.4
2019 84.6 2.6
2020 85.4 3.4
2021 84.2 2.2